function beta2 = Beta2_SuspendedLoadxyDst(obj,in2,in3,in4,in5)
%Beta2_SuspendedLoadxyDst
%    BETA2 = Beta2_SuspendedLoadxyDst(OBJ,IN2,IN3,IN4,IN5)

%    This function was generated by the Symbolic Math Toolbox version 24.2.
%    2025/03/15 02:01:17

V1 = in4(:,1);
cableL = in5(:,7);
d2Xd3 = in3(:,11);
dstx = in5(:,8);
dsty = in5(:,9);
gravity = in5(:,5);
jx = in5(:,2);
jy = in5(:,3);
jz = in5(:,4);
m = in5(:,1);
mL = in5(:,6);
ol1 = in2(17,:);
ol2 = in2(18,:);
ol3 = in2(19,:);
pT1 = in2(14,:);
pT2 = in2(15,:);
pT3 = in2(16,:);
q0 = in2(1,:);
q1 = in2(2,:);
q2 = in2(3,:);
q3 = in2(4,:);
t2 = V1.*pT1;
t3 = V1.*pT2;
t4 = d2Xd3.*pT1;
t5 = d2Xd3.*pT2;
t6 = dstx.*pT3;
t7 = dsty.*pT3;
t8 = gravity.*pT1;
t9 = gravity.*pT2;
t10 = m+mL;
t11 = ol1.*pT2;
t12 = ol2.*pT1;
t13 = ol1.*pT3;
t14 = ol3.*pT1;
t15 = ol2.*pT3;
t16 = ol3.*pT2;
t17 = q0.^2;
t18 = q1.^2;
t19 = q2.^2;
t20 = q3.^2;
t21 = pT1.*q0.*2.0;
t22 = pT1.*q1.*2.0;
t23 = pT2.*q0.*2.0;
t24 = pT1.*q2.*2.0;
t25 = pT2.*q1.*2.0;
t26 = pT3.*q0.*2.0;
t27 = pT1.*q3.*2.0;
t28 = pT2.*q2.*2.0;
t29 = pT3.*q1.*2.0;
t30 = pT2.*q3.*2.0;
t31 = pT3.*q2.*2.0;
t32 = pT3.*q3.*2.0;
t33 = q0.*q1.*2.0;
t34 = q0.*q2.*2.0;
t35 = q0.*q3.*2.0;
t36 = q1.*q2.*2.0;
t37 = q1.*q3.*2.0;
t38 = q2.*q3.*2.0;
t39 = V1+d2Xd3+gravity;
t40 = 1.0./cableL;
t41 = 1.0./jx;
t42 = 1.0./jy;
t43 = 1.0./jz;
t44 = 1.0./m;
t45 = 1.0./pT3;
t70 = pT2.*q0.*q1.*-2.0;
t46 = t45.^2;
t47 = -t12;
t48 = -t14;
t49 = -t16;
t50 = -t25;
t51 = -t26;
t52 = -t27;
t53 = -t29;
t54 = -t31;
t55 = -t38;
t56 = pT3.*t17;
t57 = pT3.*t18;
t58 = pT3.*t19;
t59 = pT3.*t20;
t60 = q2.*t21;
t62 = q3.*t22;
t63 = q3.*t28;
t64 = -t18;
t65 = -t19;
t66 = -t20;
t67 = dstx.*t45;
t68 = dsty.*t45;
t69 = 1.0./t10;
t78 = t21+t30;
t79 = t22+t28;
t80 = t23+t29;
t81 = t24+t26;
t82 = t22+t32;
t83 = t28+t32;
t84 = t34+t37;
t85 = t35+t36;
t102 = t2+t4+t6+t8;
t103 = t3+t5+t7+t9;
t71 = -t57;
t72 = -t58;
t75 = t11+t47;
t76 = t13+t48;
t77 = t15+t49;
t86 = t21+t54;
t87 = t23+t52;
t88 = t24+t50;
t89 = t25+t51;
t90 = t27+t53;
t91 = t30+t54;
t92 = t33+t55;
t96 = t85.^2;
t97 = pT2.*t84;
t98 = pT3.*t84;
t101 = t32+t79;
t105 = t50+t81;
t106 = t52+t80;
t107 = t54+t78;
t108 = t46.*t102;
t109 = t46.*t103;
t110 = t17+t20+t64+t65;
t111 = t17+t18+t65+t66;
t93 = t75.^2;
t94 = t76.^2;
t95 = t77.^2;
t99 = pT1.*t92;
t100 = pT3.*t92;
t112 = pT1.*t110;
t113 = pT2.*t110;
t114 = t111.^2;
t115 = 1.0./t111;
t124 = -pT1.*(t67-t108);
t125 = -pT2.*(t68-t109);
t140 = t56+t59+t60+t62+t63+t70+t71+t72;
t116 = 1.0./t114;
t117 = t97+t99;
t118 = q0.*t115.*2.0;
t119 = q1.*t115.*2.0;
t120 = q2.*t115.*2.0;
t121 = q3.*t115.*2.0;
t126 = t96+t114;
t127 = t39+t124;
t128 = t39+t125;
t129 = t93+t94+t95;
t130 = t100+t113;
t142 = 1.0./t140;
t131 = q0.*t85.*t116.*2.0;
t132 = q1.*t85.*t116.*2.0;
t133 = q2.*t85.*t116.*2.0;
t134 = q3.*t85.*t116.*2.0;
t138 = 1.0./t126;
t139 = cableL.*m.*pT3.*t69.*t129;
t143 = t142.^2;
t136 = -t131;
t137 = -t132;
t141 = t39+t139;
t144 = t118+t134;
t145 = t119+t133;
t146 = t120+t137;
t147 = t121+t136;
t148 = pT1.*t10.*t39.*t40.*t44.*t46.*t78.*t141.*t142;
t149 = pT1.*t10.*t39.*t40.*t44.*t46.*t79.*t141.*t142;
t150 = pT2.*t10.*t39.*t40.*t44.*t46.*t78.*t141.*t142;
t151 = pT2.*t10.*t39.*t40.*t44.*t46.*t79.*t141.*t142;
t152 = pT1.*t10.*t39.*t40.*t44.*t46.*t87.*t141.*t142;
t153 = pT1.*t10.*t39.*t40.*t44.*t46.*t88.*t141.*t142;
t154 = pT2.*t10.*t39.*t40.*t44.*t46.*t87.*t141.*t142;
t155 = pT2.*t10.*t39.*t40.*t44.*t46.*t88.*t141.*t142;
t158 = -pT2.*t10.*t40.*t44.*t45.*t80.*t141.*t142.*(t67-t108);
t159 = -pT1.*t10.*t40.*t44.*t45.*t81.*t141.*t142.*(t68-t109);
t162 = -pT2.*t10.*t40.*t44.*t45.*t89.*t141.*t142.*(t67-t108);
t164 = -pT2.*t10.*t40.*t44.*t45.*t91.*t141.*t142.*(t67-t108);
t166 = pT1.*t10.*t40.*t44.*t45.*t82.*t141.*t142.*(t68-t109);
t167 = pT1.*t10.*t40.*t44.*t45.*t90.*t141.*t142.*(t68-t109);
t168 = t10.*t40.*t44.*t45.*t81.*t127.*t141.*t142;
t169 = t10.*t40.*t44.*t45.*t82.*t127.*t141.*t142;
t170 = t10.*t40.*t44.*t45.*t80.*t128.*t141.*t142;
t171 = t10.*t40.*t44.*t45.*t83.*t128.*t141.*t142;
t172 = pT1.*t10.*t39.*t40.*t44.*t46.*t101.*t117.*t141.*t143;
t173 = pT2.*t10.*t39.*t40.*t44.*t46.*t101.*t117.*t141.*t143;
t174 = t10.*t40.*t44.*t45.*t86.*t127.*t141.*t142;
t175 = t10.*t40.*t44.*t45.*t90.*t127.*t141.*t142;
t176 = t10.*t40.*t44.*t45.*t89.*t128.*t141.*t142;
t177 = t10.*t40.*t44.*t45.*t91.*t128.*t141.*t142;
t178 = pT1.*t10.*t39.*t40.*t44.*t46.*t105.*t117.*t141.*t143;
t179 = pT1.*t10.*t39.*t40.*t44.*t46.*t106.*t117.*t141.*t143;
t180 = pT2.*t10.*t39.*t40.*t44.*t46.*t105.*t117.*t141.*t143;
t181 = pT1.*t10.*t39.*t40.*t44.*t46.*t107.*t117.*t141.*t143;
t182 = pT2.*t10.*t39.*t40.*t44.*t46.*t106.*t117.*t141.*t143;
t183 = pT2.*t10.*t39.*t40.*t44.*t46.*t107.*t117.*t141.*t143;
t192 = pT1.*t10.*t40.*t44.*t45.*t101.*t141.*t143.*(t68-t109).*(t98-t112);
t193 = pT1.*t10.*t40.*t44.*t45.*t105.*t141.*t143.*(t68-t109).*(t98-t112);
t194 = pT2.*t10.*t40.*t44.*t45.*t101.*t130.*t141.*t143.*(t67-t108);
t195 = pT1.*t10.*t40.*t44.*t45.*t106.*t141.*t143.*(t68-t109).*(t98-t112);
t196 = pT1.*t10.*t40.*t44.*t45.*t107.*t141.*t143.*(t68-t109).*(t98-t112);
t197 = pT2.*t10.*t40.*t44.*t45.*t105.*t130.*t141.*t143.*(t67-t108);
t198 = pT2.*t10.*t40.*t44.*t45.*t106.*t130.*t141.*t143.*(t67-t108);
t200 = t10.*t40.*t44.*t45.*t101.*t128.*t130.*t141.*t143;
t202 = t10.*t40.*t44.*t45.*t105.*t128.*t130.*t141.*t143;
t203 = t10.*t40.*t44.*t45.*t106.*t128.*t130.*t141.*t143;
t204 = t10.*t40.*t44.*t45.*t107.*t128.*t130.*t141.*t143;
t208 = t10.*t40.*t44.*t45.*t101.*t127.*t141.*t143.*(t98-t112);
t210 = t10.*t40.*t44.*t45.*t105.*t127.*t141.*t143.*(t98-t112);
t211 = t10.*t40.*t44.*t45.*t106.*t127.*t141.*t143.*(t98-t112);
t156 = -t151;
t157 = -t152;
t184 = -t176;
t185 = -t177;
t214 = t155+t164+t173+t175+t194+t208;
t216 = t150+t162+t169+t182+t198+t211;
t213 = t157+t159+t171+t181+t196+t204;
t215 = t153+t167+t172+t185+t192+t200;
t217 = t148+t166+t179+t184+t195+t203;
t218 = t156+t158+t174+t180+t197+t210;
mt1 = [-t41.*((q0.*t216)./2.0+(q2.*t214)./2.0+(q1.*t218)./2.0-(q3.*(-t154-t168+t183+pT2.*t10.*t40.*t44.*t45.*t83.*t141.*t142.*(t67-t108)+t10.*t40.*t44.*t45.*t107.*t127.*t141.*t143.*(t98-t112)+pT2.*t10.*t40.*t44.*t45.*t107.*t130.*t141.*t143.*(t67-t108)))./2.0),t41.*(q3.*t213.*(-1.0./2.0)+(q0.*t217)./2.0+(q2.*t215)./2.0+(q1.*(-t149-t170+t178+t193+t202+pT1.*t10.*t40.*t44.*t45.*t86.*t141.*t142.*(t68-t109)))./2.0),t41.*((q0.*t114.*t138.*t146)./2.0-(q2.*t114.*t138.*t144)./2.0-(q1.*t114.*t138.*t147)./2.0+(q3.*t114.*t138.*t145)./2.0)];
mt2 = [t42.*((q1.*t214)./2.0+(q3.*t216)./2.0-(q2.*t218)./2.0+(q0.*(-t154-t168+t183+pT2.*t10.*t40.*t44.*t45.*t83.*t141.*t142.*(t67-t108)+t10.*t40.*t44.*t45.*t107.*t127.*t141.*t143.*(t98-t112)+pT2.*t10.*t40.*t44.*t45.*t107.*t130.*t141.*t143.*(t67-t108)))./2.0),-t42.*((q0.*t213)./2.0+(q1.*t215)./2.0+(q3.*t217)./2.0-(q2.*(-t149-t170+t178+t193+t202+pT1.*t10.*t40.*t44.*t45.*t86.*t141.*t142.*(t68-t109)))./2.0),t42.*((q0.*t114.*t138.*t145)./2.0+(q1.*t114.*t138.*t144)./2.0-(q2.*t114.*t138.*t147)./2.0-(q3.*t114.*t138.*t146)./2.0)];
mt3 = [-t43.*(q0.*t214.*(-1.0./2.0)+(q2.*t216)./2.0+(q3.*t218)./2.0+(q1.*(-t154-t168+t183+pT2.*t10.*t40.*t44.*t45.*t83.*t141.*t142.*(t67-t108)+t10.*t40.*t44.*t45.*t107.*t127.*t141.*t143.*(t98-t112)+pT2.*t10.*t40.*t44.*t45.*t107.*t130.*t141.*t143.*(t67-t108)))./2.0),t43.*((q1.*t213)./2.0-(q0.*t215)./2.0+(q2.*t217)./2.0+(q3.*(-t149-t170+t178+t193+t202+pT1.*t10.*t40.*t44.*t45.*t86.*t141.*t142.*(t68-t109)))./2.0),t43.*((q0.*t114.*t138.*t144)./2.0-(q1.*t114.*t138.*t145)./2.0+(q2.*t114.*t138.*t146)./2.0-(q3.*t114.*t138.*t147)./2.0)];
beta2 = reshape([mt1,mt2,mt3],3,3);
end
