function V1 = Vf_SuspendedLoadxyDst(obj,in2,in3,in4)
%Vf_SuspendedLoadxyDst
%    V1 = Vf_SuspendedLoadxyDst(OBJ,IN2,IN3,IN4)

%    This function was generated by the Symbolic Math Toolbox version 24.2.
%    2025/03/15 02:00:59

Xd3 = in3(:,3);
dXd3 = in3(:,7);
dpl3 = in2(13,:);
f11 = in4(:,1);
f12 = in4(:,2);
pl3 = in2(10,:);
t2 = f11.*f12;
t3 = f11.^2;
t4 = f12.^2;
t5 = -dpl3;
t6 = -pl3;
t7 = f12.*t2;
t8 = f11.*t2;
t10 = -t4;
t11 = dXd3+t5;
t12 = Xd3+t6;
t13 = -t7;
t14 = f11+t10;
t15 = t14.^2;
t16 = f12.*t14;
t17 = t2.*t14;
t19 = t2+t16;
t22 = t8+t17;
t25 = -f12.*(t7-t15);
t21 = f11.*t19;
t24 = f12.*t22;
t27 = t21+t25;
V1 = [f11.*t12+f12.*t11,-t2.*t12+t11.*t14,-t12.*(t3+t13)-t11.*t19,-t11.*(f11.*t14-f12.*t19)+t12.*(t8+f12.*(t3+t13)),t11.*t27-t12.*(t24-f11.*(t3+t13)),-t12.*(f11.*t22-f12.*(t24-f11.*(t3+t13)))-t11.*(f12.*t27+f11.*(t7-t15))];
end
