function cZ3 = Z3_SuspendedLoadxyDst(obj,in2,in3,in4,in5)
%Z3_SuspendedLoadxyDst
%    cZ3 = Z3_SuspendedLoadxyDst(OBJ,IN2,IN3,IN4,IN5)

%    This function was generated by the Symbolic Math Toolbox version 24.2.
%    2025/03/15 01:53:19

V1 = in4(:,1);
Xd2 = in3(:,2);
cableL = in5(:,7);
d2V1 = in4(:,3);
d3V1 = in4(:,4);
d2Xd2 = in3(:,10);
d2Xd3 = in3(:,11);
d3Xd2 = in3(:,14);
d3Xd3 = in3(:,15);
d4Xd2 = in3(:,18);
d4Xd3 = in3(:,19);
d5Xd2 = in3(:,22);
d5Xd3 = in3(:,23);
dV1 = in4(:,2);
dXd2 = in3(:,6);
dpl2 = in2(12,:);
dsty = in5(:,9);
gravity = in5(:,5);
m = in5(:,1);
mL = in5(:,6);
o1 = in2(5,:);
o2 = in2(6,:);
o3 = in2(7,:);
ol1 = in2(17,:);
ol2 = in2(18,:);
ol3 = in2(19,:);
pT1 = in2(14,:);
pT2 = in2(15,:);
pT3 = in2(16,:);
pl2 = in2(9,:);
q0 = in2(1,:);
q1 = in2(2,:);
q2 = in2(3,:);
q3 = in2(4,:);
t2 = V1.*pT2;
t3 = d2V1+d4Xd3;
t4 = d3Xd3+dV1;
t5 = d2V1.*pT2;
t6 = d2Xd3.*pT2;
t7 = d3Xd3.*pT2;
t8 = d4Xd3.*pT2;
t9 = dV1.*pT2;
t10 = dsty.*pT3;
t11 = gravity.*pT2;
t12 = m+mL;
t13 = ol1.*pT2;
t14 = ol2.*pT1;
t15 = ol1.*pT3;
t16 = ol3.*pT1;
t17 = ol2.*pT3;
t18 = ol3.*pT2;
t19 = q0.^2;
t20 = q1.^2;
t21 = q2.^2;
t22 = q3.^2;
t23 = pT1.*q0.*2.0;
t24 = pT1.*q1.*2.0;
t25 = pT2.*q0.*2.0;
t26 = pT1.*q2.*2.0;
t27 = pT2.*q1.*2.0;
t28 = pT3.*q0.*2.0;
t29 = pT1.*q3.*2.0;
t30 = pT2.*q2.*2.0;
t31 = pT3.*q1.*2.0;
t32 = pT2.*q3.*2.0;
t33 = pT3.*q2.*2.0;
t34 = pT3.*q3.*2.0;
t35 = q0.*q1.*2.0;
t36 = q0.*q2.*2.0;
t37 = q1.*q3.*2.0;
t38 = q2.*q3.*2.0;
t39 = V1+d2Xd3+gravity;
t40 = 1.0./cableL;
t41 = 1.0./m;
t42 = 1.0./pT3;
t64 = pT2.*q0.*q1.*-2.0;
t43 = t42.^2;
t44 = t42.^3;
t45 = -t14;
t46 = -t16;
t47 = -t18;
t48 = -t27;
t49 = -t29;
t50 = -t33;
t51 = -t38;
t52 = pT3.*t19;
t53 = pT3.*t20;
t54 = pT3.*t21;
t55 = pT3.*t22;
t56 = q2.*t23;
t58 = q3.*t24;
t59 = q3.*t30;
t60 = -t20;
t61 = -t21;
t62 = dsty.*t42;
t63 = 1.0./t12;
t68 = t5+t8;
t69 = t7+t9;
t70 = t3.*t42;
t71 = t4.*t42;
t80 = t36+t37;
t81 = ol1.*t39.*t42;
t82 = ol3.*t39.*t42;
t110 = t24+t30+t34;
t111 = t2+t6+t10+t11;
t65 = dsty.*t43.*2.0;
t66 = -t53;
t67 = -t54;
t72 = t4.*t43;
t73 = -t62;
t75 = ol1.*t71;
t76 = ol3.*t71;
t77 = t13+t45;
t78 = t15+t46;
t79 = t17+t47;
t83 = ol3.*t39.*t43;
t84 = pT2.*t39.*t43;
t85 = -t71;
t87 = t35+t51;
t91 = pT2.*t80;
t92 = pT3.*t80;
t108 = t43.*t68;
t109 = t43.*t69;
t118 = t26+t28+t48;
t119 = t25+t31+t49;
t120 = t23+t32+t50;
t124 = t43.*t111;
t128 = t44.*t111.*2.0;
t129 = t19+t22+t60+t61;
t86 = -t72;
t88 = t77.^2;
t89 = t78.^2;
t90 = t79.^2;
t94 = ol1.*t77.*2.0;
t95 = ol2.*t77.*2.0;
t96 = ol1.*t78.*2.0;
t97 = ol3.*t78.*2.0;
t98 = ol2.*t79.*2.0;
t99 = ol3.*t79.*2.0;
t100 = pT1.*t77.*2.0;
t101 = pT2.*t77.*2.0;
t102 = pT1.*t78.*2.0;
t103 = pT3.*t78.*2.0;
t104 = pT2.*t79.*2.0;
t105 = pT3.*t79.*2.0;
t106 = pT1.*t87;
t107 = pT3.*t87;
t112 = ol1.*t109;
t113 = ol2.*t109;
t114 = pT2.*t109;
t121 = -t109;
t122 = t72.*t77;
t125 = t39.*t43.*t77;
t126 = t39.*t43.*t78;
t130 = t39.*t44.*t77.*2.0;
t131 = pT1.*t129;
t132 = pT2.*t129;
t133 = t44.*t69.*t77.*2.0;
t142 = t73+t124;
t145 = -ol2.*(t62-t124);
t146 = -pT2.*(t62-t124);
t148 = -ol2.*(t65-t128);
t155 = -t77.*(t65-t128);
t160 = t52+t55+t56+t58+t59+t64+t66+t67;
t115 = -t99;
t116 = -t105;
t127 = t78.*t86;
t134 = -t133;
t135 = t91+t106;
t136 = t95+t97;
t137 = t96+t98;
t138 = t101+t103;
t139 = t102+t104;
t149 = t39+t146;
t150 = t88+t89+t90;
t151 = t107+t132;
t154 = t84+t142;
t156 = t82+t145;
t157 = t83+t148;
t162 = 1.0./t160;
t140 = t94+t115;
t141 = t100+t116;
t153 = cableL.*m.*pT3.*t63.*t137;
t158 = cableL.*m.*t63.*t150;
t163 = t162.^2;
t159 = pT3.*t158;
t166 = t153+t158;
t161 = t39+t159;
et1 = t75+t108+t127+t134-ol2.*t156+t79.*t157-t77.*(t44.*t69.*2.0+t77.*(dsty.*t44.*6.0-t43.*t124.*6.0)+ol1.*t39.*t43.*2.0-t39.*t44.*t78.*2.0)+ol1.*(t71-t125+ol1.*(t62-t124))-t78.*(t72-t130+ol1.*(t65-t128))-t12.*t40.*t41.*t42.*t87.*t149.*t161.*t162+t12.*t40.*t41.*t43.*t149.*t151.*t161.*t162-t12.*t40.*t41.*t42.*t149.*t151.*t162.*t166+pT1.*t12.*t39.*t40.*t41.*t44.*t135.*t161.*t162.*2.0-pT1.*t12.*t39.*t40.*t41.*t43.*t135.*t162.*t166+t12.*t39.*t40.*t41.*t43.*t131.*t135.*t161.*t163+t12.*t40.*t41.*t42.*t129.*t149.*t151.*t161.*t163-pT1.*t12.*t40.*t41.*t42.*t80.*t161.*t162.*(t62-t124)-pT2.*t12.*t40.*t41.*t42.*t151.*t161.*t162.*(t65-t128);
et2 = pT1.*t12.*t40.*t41.*t43.*t161.*t162.*(t62-t124).*(t92-t131)-pT1.*t12.*t40.*t41.*t42.*t162.*t166.*(t62-t124).*(t92-t131)+pT1.*t12.*t40.*t41.*t42.*t161.*t162.*(t65-t128).*(t92-t131)+t12.*t40.*t41.*t42.*t131.*t161.*t163.*(t62-t124).*(t92-t131);
et3 = -d5Xd2-t77.*(t75+t108+t127+t134)+((o1.*q1)./2.0+(o2.*q2)./2.0+(o3.*q3)./2.0).*(-t12.*t40.*t41.*t42.*t149.*t161.*t162.*(t25+t31)-pT1.*t12.*t39.*t40.*t41.*t43.*t161.*t162.*(t24+t30)+t12.*t40.*t41.*t42.*t118.*t149.*t151.*t161.*t163+pT1.*t12.*t40.*t41.*t42.*t161.*t162.*(t23+t50).*(t62-t124)+pT1.*t12.*t40.*t41.*t42.*t118.*t161.*t163.*(t62-t124).*(t92-t131)+pT1.*t12.*t39.*t40.*t41.*t43.*t118.*t135.*t161.*t163);
et4 = -((o2.*q0)./2.0+(o1.*q3)./2.0-(o3.*q1)./2.0).*(t12.*t40.*t41.*t42.*t149.*t161.*t162.*(t30+t34)-pT1.*t12.*t39.*t40.*t41.*t43.*t161.*t162.*(t25+t49)+t12.*t40.*t41.*t42.*t120.*t149.*t151.*t161.*t163-pT1.*t12.*t40.*t41.*t42.*t161.*t162.*(t26+t28).*(t62-t124)+pT1.*t12.*t40.*t41.*t42.*t120.*t161.*t163.*(t62-t124).*(t92-t131)+pT1.*t12.*t39.*t40.*t41.*t43.*t120.*t135.*t161.*t163)+t79.*(t76+t113);
et5 = -t79.*(-t76-t113+ol2.*t126+t77.*t157-ol2.*(t81+t109-t126+t77.*(t65-t128))-ol3.*(t71-t125+ol1.*(t62-t124))+t136.*t149.*t151.*t162+pT1.*t136.*t162.*(t62-t124).*(t92-t131)+pT1.*t39.*t42.*t135.*t136.*t162+t12.*t40.*t41.*t42.*t131.*t161.*t162.*(t62-t124)-t12.*t40.*t41.*t42.*t161.*t162.*(t62-t124).*(t92-t131)-t12.*t39.*t40.*t41.*t43.*t106.*t161.*t162-t12.*t39.*t40.*t41.*t43.*t135.*t161.*t162+t12.*t40.*t41.*t42.*t80.*t149.*t151.*t161.*t163+pT1.*t12.*t40.*t41.*t42.*t80.*t161.*t163.*(t62-t124).*(t92-t131)+pT1.*t12.*t39.*t40.*t41.*t43.*t80.*t135.*t161.*t163)-t70.*t78-t77.*t108;
et6 = -t78.*(t70-t112-ol3.*t156+t77.*t86-ol1.*(t81+t109-t126+t77.*(t65-t128))-t77.*(t72-t130+ol1.*(t65-t128))+t39.*t43.*t96+ol2.*t39.*t43.*t79+t140.*t149.*t151.*t162+pT1.*t140.*t162.*(t62-t124).*(t92-t131)+pT1.*t39.*t42.*t135.*t140.*t162+t12.*t40.*t41.*t42.*t129.*t149.*t161.*t162+t12.*t40.*t41.*t42.*t151.*t154.*t161.*t162+pT1.*t12.*t39.*t40.*t41.*t43.*t80.*t161.*t162+t12.*t39.*t40.*t41.*t43.*t106.*t135.*t161.*t163+t12.*t40.*t41.*t42.*t87.*t149.*t151.*t161.*t163-pT1.*t12.*t39.*t40.*t41.*t44.*t161.*t162.*(t92-t131)+t12.*t40.*t41.*t42.*t106.*t161.*t163.*(t62-t124).*(t92-t131));
et7 = ((o1.*q0)./2.0-(o2.*q3)./2.0+(o3.*q2)./2.0).*(-t12.*t40.*t41.*t42.*t149.*t161.*t162.*(t27-t28)+pT1.*t12.*t39.*t40.*t41.*t43.*t161.*t162.*(t23+t32)+t12.*t40.*t41.*t42.*t119.*t149.*t151.*t161.*t163+pT1.*t12.*t40.*t41.*t42.*t161.*t162.*(t24+t34).*(t62-t124)+pT1.*t12.*t40.*t41.*t42.*t119.*t161.*t163.*(t62-t124).*(t92-t131)+pT1.*t12.*t39.*t40.*t41.*t43.*t119.*t135.*t161.*t163);
et8 = -(o1.*q2.*(-1.0./2.0)+(o2.*q1)./2.0+(o3.*q0)./2.0).*(-t12.*t40.*t41.*t42.*t149.*t161.*t162.*(t32+t50)+pT1.*t12.*t39.*t40.*t41.*t43.*t161.*t162.*(t26+t48)+t12.*t40.*t41.*t42.*t110.*t149.*t151.*t161.*t163+pT1.*t12.*t40.*t41.*t42.*t161.*t162.*(t29-t31).*(t62-t124)+pT1.*t12.*t40.*t41.*t42.*t110.*t161.*t163.*(t62-t124).*(t92-t131)+pT1.*t12.*t39.*t40.*t41.*t43.*t110.*t135.*t161.*t163)-t77.*(et1+et2)+t42.*(d3V1.*pT2+d5Xd3.*pT2)+t78.*(-t70+t112+t122)+t12.*t40.*t41.*t71.*t149.*t151.*t162;
et9 = t12.*t40.*t41.*t42.*t161.*t162.*(t92-t131).*(pT1.*t121+pT1.*t126+pT1.*t155-pT3.*t156-pT1.*(t81+t109-t126+t77.*(t65-t128))+t79.*(t62-t124)+t141.*t149.*t151.*t162+pT1.*t141.*t162.*(t62-t124).*(t92-t131)+pT1.*t39.*t42.*t135.*t141.*t162)+pT1.*t12.*t40.*t41.*t71.*t162.*(t62-t124).*(t92-t131)+t12.*t40.*t41.*t42.*t151.*t161.*t162.*(t4+t114-t78.*t154+pT2.*(t81+t109-t126+t77.*(t65-t128))+pT3.*(t71-t125+ol1.*(t62-t124))+pT2.*t77.*(t65-t128)-t138.*t149.*t151.*t162-pT1.*t138.*t162.*(t62-t124).*(t92-t131)-pT1.*t39.*t42.*t135.*t138.*t162);
